C.txt
321321321
321321322
321321323
321321324
321321325
321321326
321321327
321321328
321321329
321321330
321321331
321321332
321321333
321321334
321321335
321321336
321321337
321321338
321321339
321321340
321321341
321321342
321321343
321321344
321321345
321321346
321321347
321321348
321321349
321321350
321321351
321321352
321321353
321321354
321321355
321321356
321321357
321321358
321321359
321321360
321321361
321321362
321321363
321321364
321321365
321321366
321321367
321321368
321321369
321321370
321321371
321321372
321321373
321321374
321321375
321321376
321321377
321321378
321321379
321321380
321321381
321321382
321321383
321321384
321321385
321321386
321321387
321321388
321321389
321321390
321321391
321321392
321321393
321321394
321321395
321321396
321321397
321321398
321321399
321321400
321321401
321321402
321321403
321321404
321321405
321321406
321321407
321321408
321321409
321321410
321321411
321321412
321321413
321321414
321321415
321321416
321321417
321321418
321321419
321321420
321321421
321321422
321321423
321321424
321321425
321321426
321321427
321321428
321321429
321321430
B.txt
