64546546454
64546546455
64546546456
64546546457
64546546458
64546546459
64546546460
64546546461
64546546462
64546546463
64546546464
64546546465
64546546466
64546546467
64546546468
64546546469
64546546470
64546546471
64546546472
64546546473
64546546474
64546546475
64546546476
64546546477
64546546478
64546546479
64546546480
64546546481
64546546482
64546546483
64546546484
64546546485
64546546486
64546546487
64546546488
64546546489
64546546490
64546546491
64546546492
64546546493
64546546494
64546546495
64546546496
64546546497
64546546498
64546546499
64546546500
64546546501
64546546502
64546546503
64546546504
64546546505
64546546506
64546546507
64546546508
64546546509
64546546510
64546546511
64546546512
64546546513
64546546514
64546546515
64546546516
64546546517
64546546518
64546546519
64546546520
64546546521
64546546522
64546546523
64546546524
64546546525
64546546526
64546546527
