951951951
951951952
951951953
951951954
951951955
951951956
951951957
951951958
951951959
951951960
951951961
951951962
951951963
951951964
951951965
951951966
951951967
951951968
951951969
951951970
951951971
951951972
951951973
951951974
951951975
951951976
951951977
951951978
951951979
951951980
951951981
951951982
951951983
951951984
951951985
951951986
951951987
951951988
951951989
951951990
951951991
951951992
951951993
951951994
951951995
951951996
951951997
951951998
951951999
951952000
951952001
951952002
951952003
951952004
951952005
951952006
951952007
951952008
951952009
951952010
951952011
951952012
951952013
951952014
951952015
951952016
951952017
951952018
951952019
951952020
951952021
951952022
951952023
951952024
951952025
951952026
951952027
951952028
951952029
951952030
951952031
951952032
951952033
951952034
951952035
951952036
951952037
951952038
951952039
951952040
951952041
951952042
951952043
951952044
951952045
951952046
951952047
951952048
951952049
951952050
951952051
951952052
951952053
951952054
951952055
951952056
951952057
951952058
951952059
951952060
951952061
951952062
951952063
951952064
951952065
951952066
951952067
951952068
951952069
951952070
951952071
951952072
951952073
951952074
951952075
951952076
951952077
951952078
951952079
951952080
951952081
951952082
951952083
951952084
951952085
951952086
951952087
951952088
951952089
951952090
951952091
951952092
951952093
951952094
951952095
951952096
951952097
951952098
951952099
951952100
951952101
951952102
951952103
951952104
951952105
951952106
951952107
951952108
951952109
951952110
951952111
951952112
951952113
951952114
951952115
951952116
951952117
951952118
951952119
951952120
951952121
951952122
951952123
951952124
951952125
951952126
951952127
951952128
951952129
951952130
951952131
951952132
951952133
951952134
951952135
951952136
951952137
951952138
951952139
951952140
951952141
951952142
951952143
951952144
951952145
951952146
951952147
951952148
951952149
951952150
951952151
951952152
951952153
951952154
951952155
951952156
951952157
951952158
951952159
951952160
951952161
951952162
951952163
951952164
951952165
951952166
951952167
951952168
951952169
951952170
951952171
951952172
951952173
951952174
951952175
951952176
951952177
951952178
951952179
